; Calibration constants for file shms_coin_replay_production_all_8979_-1, 1113466 events processed

pcal_neg_gain_cor = 18.17,-218.29,-216.08,-109.36,-119.54,-95.17,-226.67,-222.85,-181.33,-247.17,-118.22,-505.23,  0.00,  0.00,
pcal_pos_gain_cor =-45.57,-169.29,-133.43,-139.37,-115.98,-142.35,-127.67,-134.90,-199.17,-152.02,3638.70,-772.32,  0.00,  0.00,
pcal_arr_gain_cor =  0.00,  0.00,  0.00,  0.00,  0.00,  0.00,  0.00,  0.00,  0.00,  0.00,  0.00,  0.00,  0.00,  0.00,  0.00,  0.00,
                     0.00,  0.00,  0.00,  0.00,  0.00,  0.00,  0.00,  0.00,  0.00,  0.00,  0.00,  0.00,  0.00,  0.00,  0.00,  0.00,
                     0.00,281.25,184.62,137.74,241.86,258.11,221.86,408.43,  0.00,  0.00,  0.00,  0.00,  0.00,  0.00,  0.00,  0.00,
                   1383.67,-77.80,107.45,195.50,109.16, 94.18,302.98,232.70,447.35,  0.00,  0.00,  0.00,  0.00,  0.00,  0.00,  0.00,
                   337.42,465.33,130.45, 95.02,190.20,166.51,138.61,114.81,123.71,207.51,364.39,  0.00,  0.00,  0.00,  0.00,  0.00,
                     0.00, 46.95,117.44,210.15, 63.45,135.80,118.23,158.02,237.50,116.50,440.63,-127.55,  0.00,  0.00,  0.00,  0.00,
                     0.00, 64.87,149.47,130.90, 76.16,151.05,171.55,148.89,112.27,108.35, 98.88,132.26,-765.24,  0.00,  0.00,  0.00,
                     0.00, 92.64, 58.88, 43.54, 61.04, 43.12, 70.77, 96.42, 60.09, 70.43, 70.12, 86.16,-282.43,1143.14,  0.00,  0.00,
                     0.00,188.54,105.22,114.00,149.11,134.70, 78.89,199.96,224.17,275.52,110.78,175.01, 81.65,  0.00,  0.00,  0.00,
                     0.00,385.27, 86.88,165.30, 86.13,166.33,149.29,263.19,149.16,331.12,299.07,-129.07,  0.00,  0.00,  0.00,  0.00,
                     0.00,  0.00,300.75,155.13, 99.39,161.92, 72.48,216.31,  0.00,  0.00,  0.00,  0.00,  0.00,  0.00,  0.00,  0.00,
                     0.00,  0.00,545.67, 32.14,667.12,  0.00,1355.63,  0.00,  0.00,  0.00,  0.00,  0.00,  0.00,  0.00,  0.00,  0.00,
                     0.00,  0.00,  0.00,  0.00,  0.00,  0.00,  0.00,  0.00,  0.00,  0.00,  0.00,  0.00,  0.00,  0.00,  0.00,  0.00,
                     0.00,  0.00,  0.00,  0.00,  0.00,  0.00,  0.00,  0.00,  0.00,  0.00,  0.00,  0.00,  0.00,  0.00,  0.00,  0.00,
