; Calibration constants for file shms_coin_replay_production_all_8977_-1, 1582065 events processed

pcal_neg_gain_cor = -1.65, 28.22, 25.40, 13.22, 17.26,  9.54, 18.43, 23.39, 18.66, 27.69, 22.04, 36.16,104.06,  0.00,
pcal_pos_gain_cor =  9.62, 75.06, 17.38, 17.73, 15.82, 17.79, 15.09, 16.63, 24.21, 14.24, 18.21, 90.67, 41.25,  0.00,
pcal_arr_gain_cor =  0.00,  0.00,  0.00,  0.00,  0.00,  0.00,  0.00,  0.00,  0.00,  0.00,  0.00,  0.00,  0.00,  0.00,  0.00,  0.00,
                     0.00,  0.00,  0.00, 16.45, 27.21,  0.00,  0.00,  0.00,  0.00,  0.00,  0.00,  0.00,  0.00,  0.00,  0.00,  0.00,
                     0.00,  1.34, 28.52, 30.04, 56.21, 59.02, 29.56, 82.84, 98.72,  0.00,  0.00,  0.00,  0.00,  0.00,  0.00,  0.00,
                    -2.68,  1.16, 32.98, 42.33, 27.91, 22.07, 70.91, 47.77, 32.88, 22.63,  0.00,  0.00,  0.00,  0.00,  0.00,  0.00,
                    -0.34, -1.39, 26.55, 22.40, 47.75, 41.94, 34.22, 26.95, 28.19, 28.62, 54.49, 86.35,  0.00,  0.00,  0.00,  0.00,
                     0.00,  4.17, 26.04, 55.66, 14.50, 35.02, 30.67, 38.67, 59.51, 27.43, 34.63, 98.88,  0.00,  0.00,  0.00,  0.00,
                     0.00,  2.08, 43.24, 36.84, 20.03, 40.30, 45.10, 37.94, 30.36, 30.17, 26.23, 16.20, 90.68,  0.00,  0.00,  0.00,
                    20.40, 16.77, 13.71,  9.76, 12.68,  9.01, 13.48, 16.75, 11.78, 13.67, 19.39, 15.91, 29.56, 58.72,  0.00,  0.00,
                     0.00, 36.88, 27.00, 26.91, 38.87, 33.18, 18.68, 37.98, 50.38, 61.13, 13.52, 47.31, 55.66,  0.00,  0.00,  0.00,
                     0.00, 48.96, 17.36, 37.56, 19.58, 43.83, 34.49, 49.27, 27.13, 40.97, 36.37, 46.81,  0.00,  0.00,  0.00,  0.00,
                     0.00,-10.35, 60.69, 33.67, 27.29, 36.24, 16.99, 24.56,  0.00,  0.00,  0.00,  0.00,  0.00,  0.00,  0.00,  0.00,
                     0.00,  0.00,  0.00, 40.30, 64.10,  8.85, 58.56,  0.00,  0.00,  0.00,  0.00,  0.00,  0.00,  0.00,  0.00,  0.00,
                     0.00,  0.00,  0.00,  0.00,  0.00,  0.00,  0.00,  0.00,  0.00,  0.00,  0.00,  0.00,  0.00,  0.00,  0.00,  0.00,
                     0.00,  0.00,  0.00,  0.00,  0.00,  0.00,  0.00,  0.00,  0.00,  0.00,  0.00,  0.00,  0.00,  0.00,  0.00,  0.00,