; Calibration constants for file shms_coin_replay_production_all_8977_-1, 1193010 events processed

pcal_neg_gain_cor =-76.66,-206.79,-215.99,-109.28,-120.89,-94.91,-224.46,-219.39,-181.26,-247.48,-182.08,-1241.05,  0.00,  0.00,
pcal_pos_gain_cor =-36.85,-201.88,-132.17,-137.03,-116.95,-143.26,-128.06,-136.03,-199.42,-168.57,5400.36,-4796.04,-1942.55,  0.00,
pcal_arr_gain_cor =  0.00,  0.00,  0.00,  0.00,  0.00,  0.00,  0.00,  0.00,  0.00,  0.00,  0.00,  0.00,  0.00,  0.00,  0.00,  0.00,
                     0.00,  0.00,  0.00,1159.35,126.41,  0.00,  0.00,  0.00,  0.00,  0.00,  0.00,  0.00,  0.00,  0.00,  0.00,  0.00,
                     0.00,361.13,215.00,117.46,211.09,222.47,199.74,  0.00,  0.00,  0.00,  0.00,  0.00,  0.00,  0.00,  0.00,  0.00,
                   1341.58, 98.99,108.94,168.72,118.71, 94.13,304.89,245.97,898.03,1136.22,  0.00,  0.00,  0.00,  0.00,  0.00,  0.00,
                   1133.80, 48.71, 95.27, 91.56,193.03,169.07,138.55,114.73,123.45,216.24,-59.93,708.96,  0.00,  0.00,  0.00,  0.00,
                     0.00, 75.27,109.27,215.20, 62.77,135.28,118.26,158.18,238.17,115.50,312.42,-387.49,  0.00,  0.00,  0.00,  0.00,
                     0.00, 85.53,128.41,132.67, 78.58,151.45,172.15,148.63,113.30,107.82,101.75,182.91,250.93,  0.00,  0.00,  0.00,
                     0.00,105.07, 58.69, 47.79, 57.32, 43.25, 70.89, 95.91, 58.98, 70.56, 70.08, 85.77,180.50,-512.42,  0.00,  0.00,
                     0.00,161.62,111.08,111.27,157.65,135.04, 79.94,196.89,222.37,283.75,110.30,177.37,691.84,  0.00,  0.00,  0.00,
                     0.00,228.07, 87.84,161.65, 85.61,168.89,148.92,261.71,141.75,452.21,-136.22,-433.23,  0.00,  0.00,  0.00,  0.00,
                     0.00,184.38,183.80,170.75,127.35,151.42, 79.29,250.52,  0.00,  0.00,  0.00,  0.00,  0.00,  0.00,  0.00,  0.00,
                     0.00,  0.00,  0.00,104.18,344.88,488.22,581.47,  0.00,  0.00,  0.00,  0.00,  0.00,  0.00,  0.00,  0.00,  0.00,
                     0.00,  0.00,  0.00,  0.00,  0.00,  0.00,  0.00,  0.00,  0.00,  0.00,  0.00,  0.00,  0.00,  0.00,  0.00,  0.00,
                     0.00,  0.00,  0.00,  0.00,  0.00,  0.00,  0.00,  0.00,  0.00,  0.00,  0.00,  0.00,  0.00,  0.00,  0.00,  0.00,
