; Calibration constants for file shms_coin_replay_production_all_8979_-1, 1470522 events processed

pcal_neg_gain_cor = -1.00, 28.62, 25.83, 13.03, 17.15,  9.51, 18.46, 23.43, 18.68, 27.69, 21.59, 34.87,-30.92,  0.00,
pcal_pos_gain_cor = 10.09, 75.08, 17.57, 17.80, 15.78, 17.70, 15.03, 16.49, 24.21, 14.30, 15.81, 84.16,  0.00,  0.00,
pcal_arr_gain_cor =  0.00,  0.00,  0.00,  0.00,  0.00,  0.00,  0.00,  0.00,  0.00,  0.00,  0.00,  0.00,  0.00,  0.00,  0.00,  0.00,
                     0.00,  0.00,  0.00,  0.00,  0.00,  0.00,  0.00,  0.00,  0.00,  0.00,  0.00,  0.00,  0.00,  0.00,  0.00,  0.00,
                     0.00,  1.25, 30.79, 31.17, 58.57, 56.35, 29.50, 32.43,  0.00,  0.00,  0.00,  0.00,  0.00,  0.00,  0.00,  0.00,
                   -20.07, -0.91, 32.08, 42.09, 27.67, 22.02, 70.85, 47.83, 54.16,  0.00,  0.00,  0.00,  0.00,  0.00,  0.00,  0.00,
                    14.66, -2.74, 27.68, 22.49, 47.43, 41.79, 34.26, 27.00, 28.14, 23.94, 70.11,  0.00,  0.00,  0.00,  0.00,  0.00,
                     0.00, -2.94, 26.53, 55.12, 14.67, 35.02, 30.67, 38.64, 59.54, 27.50, 32.16, 81.28,  0.00,  0.00,  0.00,  0.00,
                     0.00, -1.23, 44.18, 36.36, 20.03, 40.37, 45.15, 37.97, 30.35, 30.20, 26.23, 15.84, 48.53,  0.00,  0.00,  0.00,
                     0.00, 18.77, 14.19,  9.64, 12.85,  9.01, 13.49, 16.71, 11.79, 13.67, 19.37, 15.94, 25.75, 49.78,  0.00,  0.00,
                     0.00, 37.42, 26.21, 27.24, 38.65, 33.23, 18.71, 37.88, 50.36, 61.19, 13.50, 47.20, 53.50,  0.00,  0.00,  0.00,
                     0.00, 47.30, 17.41, 37.32, 19.79, 44.02, 34.49, 49.22, 26.93, 48.88, 33.05, 54.20,  0.00,  0.00,  0.00,  0.00,
                     0.00,  0.00, 60.39, 31.90, 27.71, 35.51, 16.84, 25.40,  0.00,  0.00,  0.00,  0.00,  0.00,  0.00,  0.00,  0.00,
                     0.00,  0.00, 39.47, 37.07, 16.10, 18.95,-10.27,  0.00,  0.00,  0.00,  0.00,  0.00,  0.00,  0.00,  0.00,  0.00,
                     0.00,  0.00,  0.00,  0.00,  0.00,  0.00,  0.00,  0.00,  0.00,  0.00,  0.00,  0.00,  0.00,  0.00,  0.00,  0.00,
                     0.00,  0.00,  0.00,  0.00,  0.00,  0.00,  0.00,  0.00,  0.00,  0.00,  0.00,  0.00,  0.00,  0.00,  0.00,  0.00,
